16,maze_one_wall_08-29-0615_28_692000,0,1
16,maze_one_wall_08-23-0021_30_922000,1,1
16,,2,1
16,maze_one_wall_08-29-0616_02_494000,3,1
16,,0,2
16,maze_one_wall_01-12-0712_02_354000,1,2
16,maze_one_wall_01-13-1453_45_826000,2,2
16,maze_one_wall_01-12-0712_12_765000,3,2
16,maze_one_wall_03-11-0015_46_808000,0,3
16,maze_one_wall_03-11-0018_09_151000,1,3
16,maze_one_wall_03-14-2155_34_239000,2,3
16,maze_one_wall_03-12-2350_27_655000,3,3
16,maze_one_wall_03-16-0649_19_453000,0,4
16,maze_one_wall_03-17-0024_57_838000,1,4
16,maze_one_wall_03-19-1156_44_546000,2,4
16,maze_one_wall_03-14-2158_01_400000,3,4
16,maze_one_wall_03-19-1258_59_852000,0,5
16,maze_one_wall_03-20-2259_02_548000,1,5
16,maze_one_wall_03-22-2347_30_571000,2,5
16,maze_one_wall_03-22-2350_26_921000,3,5
,,size,rand