08,maze_empty_12-21-2304_50_996000,1,1
08,maze_empty_12-23-2140_14_700000,1,2
08,maze_empty_12-25-2334_00_430000,1,3
08,maze_empty_12-28-0013_19_927000,1,4
08,maze_empty_12-28-2337_21_644000,1,5
08,maze_empty_12-21-0027_17_926000,2,1
08,maze_empty_12-23-2141_13_479000,2,2
08,maze_empty_12-25-2334_16_379000,2,3
08,maze_empty_12-28-0013_42_322000,2,4
08,maze_empty_12-29-2233_11_421000,2,5
08,maze_empty_12-23-0044_56_406000,3,1
08,maze_empty_12-25-0152_47_302000,3,2
08,maze_empty_12-26-2215_45_917000,3,3
08,maze_empty_12-28-2336_34_195000,3,4
08,maze_empty_01-01-1430_22_984000,3,5
08,maze_empty_12-21-2305_07_357000,4,1
08,maze_empty_12-25-0152_58_026000,4,2
08,maze_empty_12-26-2216_21_304000,4,3
08,maze_empty_12-28-2336_52_069000,4,4
08,maze_empty_01-01-1430_35_022000,4,5
,,enemy,rand