12,maze_one_wall_10-15-0038_36_141000,0,1
12,maze_one_wall_10-15-0038_48_568000,1,1
12,maze_one_wall_10-13-2230_49_114000,2,1
12,maze_one_wall_10-15-2252_44_832000,3,1
12,maze_one_wall_10-15-2253_04_147000,0,2
12,maze_one_wall_10-15-2253_22_642000,1,2
12,maze_one_wall_10-17-0032_01_181000,2,2
12,maze_one_wall_10-17-0035_57_866000,3,2
12,maze_one_wall_10-17-0036_54_642000,0,3
12,maze_one_wall_10-18-0718_28_102000,1,3
12,maze_one_wall_10-18-0718_48_088000,2,3
12,maze_one_wall_10-19-0653_25_371000,3,3
12,maze_one_wall_10-19-2301_02_855000,0,4
12,,1,4
12,,2,4
12,,3,4
12,,0,5
12,,1,5
12,,2,5
12,,3,5
,,size,rand