12,maze_empty_10-23-0249_50_173000,1,1
12,maze_empty_10-28-0002_22_452000,1,2
12,maze_empty_10-30-0037_40_984000,1,3
12,maze_empty_10-31-0708_39_182000,1,4
12,maze_empty_11-01-2346_02_361000,1,5
12,maze_empty_10-24-0015_28_311000,2,1
12,maze_empty_10-28-0003_08_786000,2,2
12,maze_empty_10-30-0707_33_622000,2,3
12,maze_empty_10-31-0708_50_851000,2,4
12,maze_empty_11-02-0708_52_361000,2,5
12,maze_empty_10-24-0015_44_160000,3,1
12,maze_empty_10-29-0155_38_020000,3,2
12,maze_empty_10-30-0707_59_346000,3,3
12,maze_empty_11-01-0707_43_735000,3,4
12,maze_empty_11-03-0716_18_609000,3,5
12,maze_empty_10-28-0002_09_468000,4,1
12,maze_empty_10-29-0155_53_554000,4,2
12,maze_empty_10-31-0708_25_688000,4,3
12,maze_empty_11-01-2345_41_749000,4,4
12,maze_empty_11-03-0716_41_493000,4,5
,,enemy,rand