08,maze_one_wall_01-11-0011_39_104000,0,1
08,maze_one_wall_01-11-0015_26_054000,1,1
08,maze_one_wall_01-11-0745_11_296000,2,1
08,maze_one_wall_01-11-1938_50_210000,3,1
08,maze_one_wall_01-10-0812_58_328000,0,2
08,maze_one_wall_01-10-1641_27_571000,1,2
08,maze_one_wall_01-02-1707_09_198000,2,2
08,maze_one_wall_01-03-1902_44_180000,3,2
08,maze_one_wall_01-07-1511_41_996000,0,3
08,maze_one_wall_01-06-1638_39_364000,1,3
08,maze_one_wall_01-04-1847_32_442000,2,3
08,maze_one_wall_01-06-0702_06_626000,3,3
08,maze_one_wall_01-08-0237_20_604000,0,4
08,maze_one_wall_01-08-0237_36_194000,1,4
08,maze_one_wall_01-08-1343_40_213000,2,4
08,maze_one_wall_01-08-1343_59_596000,3,4
08,maze_one_wall_01-08-2018_02_469000,0,5
08,maze_one_wall_01-09-0651_48_071000,1,5
08,maze_one_wall_01-09-2158_21_184000,2,5
08,maze_one_wall_01-09-2158_32_375000,3,5
,,size,rand