16,maze_empty_09-05-0705_10_601000,0,1
16,maze_empty_09-05-0705_28_339000,0,2
16,maze_empty_09-05-0705_41_475000,0,3
16,maze_empty_09-06-0650_49_445000,0,4
16,maze_empty_09-06-0651_21_604000,0,5
16,maze_empty_11-24-0040_43_775000,1,1
16,maze_empty_12-08-2344_59_358000,1,2
16,maze_empty_11-26-1729_44_775000,1,3
16,maze_empty_12-14-2336_31_903000,1,4
16,maze_empty_12-01-2108_56_645000,1,5
16,maze_empty_11-20-2047_40_901000,2,1
16,maze_empty_12-11-0212_05_991000,2,2
16,maze_empty_11-26-1730_50_477000,2,3
16,maze_empty_12-17-1008_14_292000,2,4
16,maze_empty_12-05-0618_49_660000,2,5
16,maze_empty_11-20-2048_13_689000,3,1
16,maze_empty_12-11-2026_54_907000,3,2
16,maze_empty_11-27-2359_19_771000,3,3
16,maze_empty_12-17-2136_28_078000,3,4
16,maze_empty_12-07-2333_53_793000,3,5
16,maze_empty_11-24-0040_59_358000,4,1
16,maze_empty_12-14-0704_35_367000,4,2
16,maze_empty_12-01-2108_42_115000,4,3
16,maze_empty_01-04-1845_45_297000,4,4
16,maze_empty_12-04-2358_56_484000,4,5
,,enemy,rand