12,maze_empty_09-18-1652_02_251000,1,1
12,maze_empty_09-18-1652_19_097000,1,2
12,maze_empty_09-18-1652_34_996000,1,3
12,maze_empty_09-17-1226_54_694000,2,1
12,maze_empty_10-05-2335_21_673000,2,2
12,maze_empty_10-08-0022_38_671000,2,3
12,maze_empty_09-17-1749_53_537000,3,1
12,maze_empty_10-05-2335_39_856000,3,2
12,maze_empty_10-08-0022_51_863000,3,3
12,maze_empty_09-17-1227_04_702000,4,1
12,maze_empty_10-05-2335_53_676000,4,2
12,maze_empty_10-08-0023_41_626000,4,3
12,,1,4
12,,2,4
12,,3,4
12,,4,4
12,,1,5
12,,2,5
12,,3,5
12,,4,5
,,enemy,rand