08,maze_two_wall_09-13-2207_44_477000,1
08,maze_two_wall_09-13-2207_58_879000,2
08,maze_two_wall_09-13-2208_12_162000,3
08,maze_two_wall_09-17-0151_24_910000,4
08,maze_two_wall_09-17-0151_33_839000,5
12,maze_two_wall_09-15-2144_08_174000,1
12,maze_two_wall_09-15-2144_17_371000,2
12,maze_two_wall_09-15-2144_50_981000,3
12,maze_two_wall_09-29-0036_50_576000,4
12,maze_two_wall_09-29-0037_09_942000,5
16,maze_two_wall_09-19-2307_50_380000,1
16,maze_two_wall_09-19-2307_50_380000,2
16,maze_two_wall_09-19-2308_24_528000,3
16,maze_two_wall_09-22-2043_31_989000,4
16,maze_two_wall_09-22-2046_14_424000,5
21,maze_two_wall_09-22-2048_51_234000,1
21,,2
21,,3
21,,4
21,,5